Algorithm: SSSP
Source: 0

Vertex	Distance
0	0
1	17
2	19
3	9
4	12
5	10
6	12
7	6
8	7
9	10
10	4
11	12
12	6
13	8
14	9
15	8
16	8
17	8
18	10
19	12
20	9
21	12
22	8
23	13
24	9
25	11
26	10
27	13
28	16
29	13
30	12
31	11
32	15
33	13
34	12
35	14
36	15
37	14
38	12
39	15
40	16
41	14
42	15
43	18
44	17
45	15
46	18
47	19
48	18
49	17
50	21
51	22
52	21
53	24
54	18
55	19
56	19
57	19
58	20
59	24
60	20
61	22
62	21
63	21
64	20
65	21
66	21
67	21
68	25
69	22
70	22
71	23
72	23
73	22
74	25
75	23
76	23
77	26
78	27
79	26
80	24
81	25
82	28
83	26
84	24
85	24
86	31
87	30
88	28
89	25
90	25
91	26
92	33
93	31
94	27
95	27
96	28
97	26
98	31
99	32
100	26
101	27
102	29
103	29
104	31
105	31
106	34
107	28
108	28
109	31
110	32
111	31
112	30
113	32
114	34
115	31
116	33
117	31
118	37
119	35
120	34
121	34
122	34
123	33
124	33
125	39
126	39
127	36
128	37
129	35
130	38
131	35
132	38
133	37
134	36
135	38
136	42
137	39
138	37
139	36
140	37
141	37
142	40
143	39
144	38
145	38
146	40
147	40
148	46
149	41
150	41
151	43
152	41
153	39
154	41
155	43
156	44
157	43
158	44
159	42
160	45
161	42
162	43
163	42
164	44
165	44
166	44
167	45
168	44
169	45
170	46
171	45
172	43
173	44
174	46
175	45
176	47
177	45
178	45
179	49
180	47
181	45
182	52
183	46
184	48
185	48
186	49
187	48
188	46
189	48
190	46
191	49
192	53
193	50
194	54
195	52
196	50
197	49
198	50
199	51
200	56
201	52
202	51
203	54
204	52
205	53
206	52
207	53
208	53
209	52
210	54
211	55
212	60
213	57
214	54
215	55
216	55
217	57
218	58
219	57
220	58
221	61
222	58
223	61
224	60
225	58
226	59
227	59
228	59
229	62
230	60
231	59
232	59
233	61
234	63
235	60
236	64
237	61
238	60
239	61
240	62
241	65
242	63
243	61
244	63
245	68
246	62
247	66
248	67
249	65
250	69
251	65
252	68
253	67
254	66
255	71
256	65
257	68
258	69
259	67
260	69
261	68
262	71
263	72
264	68
265	69
266	70
267	72
268	70
269	72
270	74
271	74
272	71
273	70
274	78
275	71
276	71
277	73
278	75
279	79
280	72
281	76
282	80
283	74
284	72
285	75
286	77
287	77
288	79
289	79
290	78
291	77
292	78
293	80
294	77
295	78
296	81
297	82
298	79
299	81
300	83
301	80
302	85
303	79
304	81
305	80
306	85
307	82
308	83
309	82
310	83
311	84
312	85
313	80
314	82
315	83
316	84
317	85
318	84
319	84
320	84
321	86
322	85
323	87
324	86
325	89
326	86
327	89
328	89
329	89
330	90
331	92
332	87
333	92
334	93
335	90
336	90
337	95
338	92
339	90
340	102
341	88
342	88
343	94
344	92
345	99
346	94
347	95
348	91
349	89
350	92
351	97
352	96
353	96
354	98
355	92
356	97
357	94
358	98
359	95
360	95
361	95
362	96
363	100
364	99
365	96
366	96
367	101
368	102
369	97
370	98
371	99
372	97
373	98
374	100
375	100
376	101
377	99
378	100
379	101
380	102
381	105
382	100
383	101
384	100
385	100
386	105
387	101
388	105
389	101
390	105
391	108
392	104
393	103
394	106
395	103
396	108
397	106
398	105
399	110
400	106
401	107
402	108
403	107
404	108
405	107
406	108
407	109
408	111
409	111
410	109
411	110
412	109
413	108
414	110
415	110
416	112
417	112
418	113
419	109
420	110
421	114
422	110
423	115
424	113
425	112
426	114
427	114
428	112
429	117
430	115
431	116
432	115
433	114
434	118
435	114
436	119
437	117
438	117
439	115
440	117
441	116
442	118
443	119
444	116
445	117
446	120
447	120
448	119
449	121
450	123
451	121
452	120
453	118
454	121
455	125
456	123
457	124
458	120
459	123
460	126
461	122
462	124
463	125
464	126
465	128
466	123
467	127
468	130
469	125
470	128
471	125
472	126
473	126
474	125
475	129
476	128
477	129
478	126
479	129
480	132
481	135
482	130
483	132
484	127
485	131
486	133
487	130
488	129
489	130
490	137
491	134
492	130
493	132
494	131
495	131
496	136
497	136
498	136
499	132
500	135
501	140
502	137
503	135
504	136
505	135
506	136
507	137
508	139
509	138
510	136
511	139
512	143
513	142
514	140
515	140
516	138
517	141
518	144
519	140
520	142
521	143
522	148
523	141
524	142
525	146
526	143
527	144
528	144
529	142
530	150
531	148
532	145
533	148
534	145
535	148
536	145
537	147
538	154
539	148
540	149
541	148
542	154
543	150
544	150
545	152
546	148
547	154
548	149
549	151
550	151
551	155
552	155
553	155
554	151
555	152
556	152
557	152
558	153
559	155
560	157
561	153
562	153
563	154
564	155
565	156
566	156
567	157
568	154
569	157
570	158
571	156
572	156
573	159
574	158
575	163
576	160
577	160
578	157
579	163
580	160
581	157
582	161
583	161
584	164
585	165
586	165
587	162
588	166
589	161
590	164
591	165
592	162
593	165
594	163
595	168
596	166
597	166
598	163
599	162
600	164
601	165
602	165
603	163
604	166
605	166
606	168
607	169
608	164
609	170
610	165
611	171
612	169
613	169
614	167
615	168
616	169
617	169
618	170
619	172
620	169
621	175
622	172
623	170
624	170
625	171
626	176
627	175
628	172
629	177
630	175
631	173
632	175
633	178
634	177
635	179
636	178
637	178
638	175
639	180
640	178
641	177
642	177
643	180
644	179
645	176
646	180
647	181
648	180
649	178
650	182
651	178
652	179
653	180
654	182
655	181
656	179
657	183
658	180
659	181
660	186
661	186
662	186
663	185
664	181
665	183
666	185
667	182
668	182
669	183
670	188
671	187
672	187
673	188
674	188
675	186
676	184
677	184
678	192
679	187
680	185
681	187
682	190
683	190
684	188
685	188
686	187
687	187
688	189
689	192
690	190
691	191
692	191
693	193
694	195
695	189
696	189
697	191
698	192
699	193
700	190
701	193
702	193
703	194
704	195
705	192
706	191
707	197
708	196
709	192
710	193
711	193
712	193
713	194
714	198
715	193
716	196
717	196
718	197
719	194
720	194
721	196
722	197
723	203
724	195
725	198
726	195
727	198
728	201
729	196
730	200
731	198
732	197
733	201
734	197
735	199
736	200
737	199
738	199
739	200
740	201
741	200
742	202
743	200
744	206
745	202
746	209
747	201
748	202
749	204
750	207
751	205
752	206
753	203
754	208
755	203
756	207
757	205
758	207
759	206
760	207
761	209
762	208
763	208
764	211
765	208
766	210
767	212
768	207
769	210
770	209
771	210
772	215
773	211
774	211
775	214
776	211
777	212
778	212
779	210
780	213
781	211
782	219
783	214
784	211
785	220
786	217
787	213
788	215
789	213
790	215
791	215
792	215
793	215
794	219
795	218
796	220
797	217
798	214
799	218
800	216
801	219
802	217
803	219
804	219
805	217
806	219
807	220
808	222
809	219
810	221
811	221
812	218
813	223
814	221
815	224
816	226
817	222
818	219
819	224
820	223
821	221
822	223
823	224
824	223
825	223
826	224
827	226
828	221
829	225
830	222
831	224
832	222
833	225
834	226
835	225
836	225
837	225
838	226
839	225
840	226
841	228
842	226
843	230
844	231
845	235
846	229
847	232
848	226
849	231
850	232
851	228
852	230
853	230
854	231
855	236
856	230
857	231
858	234
859	232
860	232
861	232
862	235
863	232
864	237
865	232
866	236
867	235
868	238
869	233
870	237
871	234
872	236
873	235
874	238
875	241
876	238
877	237
878	237
879	237
880	239
881	238
882	240
883	241
884	238
885	241
886	240
887	240
888	240
889	246
890	244
891	244
892	242
893	241
894	241
895	245
896	245
897	244
898	245
899	243
900	246
901	245
902	245
903	246
904	250
905	245
906	251
907	246
908	250
909	250
910	249
911	250
912	254
913	247
914	247
915	252
916	250
917	250
918	255
919	253
920	254
921	257
922	254
923	251
924	253
925	255
926	254
927	257
928	257
929	255
930	259
931	263
932	256
933	257
934	259
935	259
936	260
937	264
938	258
939	260
940	260
941	259
942	260
943	260
944	265
945	263
946	262
947	264
948	262
949	265
950	264
951	264
952	263
953	267
954	264
955	263
956	263
957	265
958	266
959	266
960	268
961	266
962	265
963	266
964	264
965	270
966	271
967	268
968	267
969	269
970	267
971	270
972	270
973	270
974	266
975	272
976	277
977	268
978	268
979	272
980	267
981	271
982	272
983	272
984	273
985	273
986	276
987	275
988	277
989	273
990	269
991	273
992	273
993	275
994	275
995	274
996	273
997	276
998	274
999	274

Execution time: 1.99 ms
